04907
03639
01624
02086
01027
03801
00548
04568
02518
02561
01831
01068
05533
02581
00581
04202
03006
02197
05804
01139
01275
02359
03497
03110
01667
02110
03495
03648
04277
00969
04559
02376
05401
03446
02828
05073
04059
01143
00327
03369
00790
03522
03979
02298
02232
04486
03870
01735
05708
05502
05452
04985
03448
00602
02443
04776
05121
04230
00669
05819
04593
02941
01733
00439
01331
01125
02852
00383
05532
05798
04178
02478
04259
04217
05508
03687
05161
04845
03338
01227
03036
03561
03660
00995
01541
02610
03999
05654
02804
04769
00886
04668
03431
02406
03540
00466
03575
02646
05466
00348
04479
02017
01884
03083
05669
00441
01262
04950
03306
01619
03873
04824
05192
01255
05261
02579
04212
05683
04670
02523
00001
03377
03239
01109
02640
00498
03848
00276
05792
00048
01225
01629
04886
01610
02464
05756
05538
01505
05455
03371
02691
02105
02433
01730
00268
02120
03068
03753
04958
00082
02970
00278
04550
00069
02888
05578
00730
00238
04990
00357
02358
04634
03690
00064
02242
01434
03862
00540
03477
02682
01781
04630
04383
03240
00526
05639
04231
00497
00834
03340
04628
01669
00297
03174
02390
01088
03118
02199
05690
01236
04656
02164
05124
05552
04489
01034
03576
01019
05168
05464
00169
01462
05206
02075
05823
01468
00769
03904
03536
03734
02790
03860
01111
05813
05029
03675
04232
00369
03339
00692
00109
04948
00408
01724
00349
04868
01651
01126
05776
00741
00955
01694
02994
02731
05375
02895
00132
02176
02877
04494
02783
03554
05836
02983
00782
02580
02281
00593
01128
04579
02027
03045
03728
03970
01984
04415
02056
01818
00288
02207
01379
04883
00085
05365
04132
01137
02861
03715
05222
03514
05618
02377
00491
03464
03265
05090
05285
00326
03531
03758
00149
04299
04490
01905
04558
02649
04360
04197
02127
03260
02806
00811
04995
00732
00033
00141
01722
05715
02121
00041
01487
02631
05065
03060
04979
04561
03918
03727
04339
02881
05458
01582
01049
03480
00949
02829
04644
05625
01793
00797
01078
04646
02817
03759
01893
02135
00337
02218
00492
02301
03321
01287
03012
00867
03209
05214
02134
03743
02959
04808
02542
02186
02956
01411
01721
00244
04442
02023
05117
03005
04988
00956
01116
01297
04491
01897
01995
00745
05093
04563
05306
00647
00985
05620
04050
00177
05142
01503
03427
01354
03002
04239
05249
05434
03181
05767
05454
03058
00399
02055
04742
04094
01598
01391
04818
05609
01020
05208
03355
02252
01005
01030
04211
00936
05109
02642
00585
05574
02212
03803
04461
05372
00638
05391
02973
03100
04608
01044
01550
05097
02338
01057
02171
05172
04957
03469
04409
02832
01122
00777
01785
03001
05703
02137
04189
04518
00544
04363
00440
00103
01240
02107
01056
00436
05308
05425
01023
02794
05072
05010
02152
04780
02712
05651
05361
02028
05635
00988
04042
01588
03841
03932
05769
00391
03397
05204
03817
00199
05001
05305
01124
02927
03492
03079
01165
04169
05007
01660
00662
04025
05428
01775
05165
00687
01806
01917
05808
00580
01761
03530
03426
03515
03898
02471
05324
01317
04693
05771
01377
01988
05303
05150
03511
00100
01123
03760
03737
01711
01392
03463
04615
01095
01042
02732
01918
04798
00120
00363
03571
04176
03882
04618
04017
04226
04897
04877
00702
03707
00074
00136
01396
00484
02181
02006
04179
04758
03613
00284
04835
01309
03381
00550
00495
05167
03595
03501
01244
02366
04585
01590
03195
00107
04140
04588
01135
00269
01151
04149
00568
01142
01038
01107
04284
01402
02789
03852
00229
05567
03549
00714
02989
03640
03850
03179
05782
02663
05230
00649
04413
00668
00737
02336
03591
00335
02447
03622
05368
05018
04855
01320
04905
00253
03074
01986
01729
02641
05068
00010
04524
03056
05592
02563
04926
02450
04774
02754
04311
05646
01400
04652
05560
04220
00344
00398
04617
00966
00874
03298
00891
02913
01614
03606
01934
03164
02138
04874
05656
01199
05436
04497
02119
04089
04508
00162
02057
04367
00579
00486
02024
02668
01706
03147
00211
04154
02014
03901
01772
02810
02441
03450
02600
04977
02531
04481
04362
00873
04717
03609
02411
03026
04400
01361
02435
02947
01405
02576
02166
05817
01308
00430
02967
02323
02384
03467
02317
01364
05467
01783
03213
05380
01055
04382
04056
05340
02383
02608
05099
05742
01217
05055
01063
05190
05276
04139
03091
02656
03293
00105
02364
01447
04838
00727
01001
03713
00464
02061
03130
00212
04863
03296
00087
04674
01094
01254
05702
01907
03837
05484
02602
05468
05156
02998
02097
03583
02479
03438
04358
00942
02396
00429
00549
01191
00135
04730
05202
01810
00757
00857
00178
01563
03896
00414
01646
04936
01654
01436
02468
03382
01575
03526
02921
02870
03234
00819
03752
01998
01803
03910
05131
01418
05189
01913
05741
04946
03942
00830
05066
04159
01119
01040
04755
05730
00129
04286
00667
02320
00024
03538
05766
04671
00454
00766
02091
00296
00753
01935
05170
01771
02256
02363
00261
00990
03914
04987
00586
04553
01173
05729
03935
02843
04867
02142
05788
03772
04111
04136
04711
04848
03763
05311
04006
01975
04329
01390
04015
02873
05320
03309
00907
03720
02900
05160
04251
03308
05015
02729
01543
02090
03161
02251
05526
04669
05793
05288
01442
05037
01789
04804
04698
03043
03647
01548
05245
04759
04530
04694
00465
01915
02585
00518
03228
01316
03988
02352
00571
00016
01825
02595
01212
05631
02047
04767
00300
00008
00931
03670
03471
04690
01731
02287
02025
02966
04536
03653
00856
03357
04727
02204
03563
00748
03875
01673
04581
00165
05547
05470
04522
00255
00688
00174
04746
05594
04046
00080
04633
01702
04986
01328
02995
03204
01099
00565
02573
03813
02926
04823
05296
05584
03998
00487
04357
01565
00393
00317
00634
02280
04515
02596
04927
02489
00239
02308
04541
05718
05282
02981
01043
05084
04480
03242
04513
04449
00146
04379
01844
03193
00734
02623
04177
01513
03343
00324
05102
00312
04498
04091
05406
04930
02221
01381
05773
03872
01602
03905
04389
05539
02923
04796
02951
02629
03642
00507
04038
03218
03584
05004
03702
05759
02587
05345
03636
04893
02745
01337
04349
02267
04519
01011
04861
02977
03279
01974
01779
03683
03057
04024
00065
02960
01423
05411
04793
01839
00273
03832
02328
02728
05520
03418
02217
02748
03712
04271
02638
02791
01531
04435
01357
04952
03124
01898
00214
02516
05215
04285
01696
03434
01397
05482
00186
04852
03513
04555
01518
04125
01885
02412
00119
02758
02988
02942
00409
05077
04859
05587
05666
03933
00114
03551
02065
05522
01991
04004
01769
02808
00760
02263
00295
00643
01152
04391
00216
01532
02964
00161
01085
04544
00887
01996
05613
05404
03486
02803
03094
03042
01132
02144
03560
00756
03140
02147
05043
00601
03435
00718
04853
01668
01367
01226
01620
02458
05270
01485
01179
04856
00695
01228
04896
00772
04533
01562
05260
05071
00376
04234
05826
05146
05259
04826
02208
04009
04501
05527
02071
00618
00367
02766
01452
05563
02151
04794
01919
05400
04641
03890
03359
00781
01742
05195
03173
04754
03349
03570
04142
00477
02750
05254
05225
01695
00232
04352
04272
00420
05535
01578
02461
05407
01872
03199
02626
05444
01408
00840
04081
04467
01399
02562
02890
00651
00520
05481
04532
05710
02191
02008
04747
04364
02454
01528
02088
01438
04825
05362
00612
01741
01659
00299
05184
00067
04714
01652
02868
04229
04847
05292
00091
01595
02346
01229
00816
02982
00854
02774
03441
04165
03115
03076
04090
01861
05778
05236
05641
02182
02735
00306
04301
04542
00445
05419
00433
01727
01066
00294
05636
02697
02069
01209
01683
00494
00752
04378
04514
01234
01406
00443
05446
02490
04872
02222
03248
04308
02696
04356
04578
01383
01739
04873
04297
05098
00530
00478
00611
02393
03281
02350
02634
03704
03146
04691
04041
04705
01762
05661
05273
00908
01145
03470
04407
03229
01858
03948
03955
05304
04781
05354
02566
01339
02146
00968
03145
04267
01330
01525
00496
02421
04910
03545
00319
01656
04740
05127
04114
01003
00904
05495
00989
05019
04045
00032
04645
03341
00444
00740
04506
04475
01847
01131
00937
01276
04582
00879
00982
00637
02282
04921
04704
05412
01105
04775
00799
05736
02453
04225
02001
01658
03614
03460
04564
02773
00792
01108
03003
02825
04236
03011
01444
00656
04609
01511
04199
04981
02910
04840
03269
00106
01587
04302
03188
00946
04107
00515
00780
00230
04456
05600
02903
04343
02819
04815
04153
02238
01319
00375
03210
05833
03315
04869
01815
04324
04590
01266
00893
02226
01726
01065
02220
04614
00774
04243
05002
01650
03884
00237
05429
00099
05323
04483
05456
01238
01318
02710
02955
02330
02486
02799
02520
03078
04106
01451
02274
03845
03088
05289
02451
03508
05562
03792
02753
04903
02211
04611
01666
05603
04610
02369
05441
02432
02456
03964
01798
01709
01596
05512
01388
01822
01180
04250
02855
02382
04843
05100
02115
05104
02830
03157
05473
02327
03271
05530
04318
00503
01163
05544
03705
03846
04275
01278
00932
04257
01307
01555
00246
02831
03176
04782
00619
01198
03452
00755
01740
02575
04185
02010
02240
02979
03672
01951
02043
01698
01926
03992
03067
02082
01290
05128
01310
02925
02589
01104
04319
02513
03050
01002
05176
00808
03276
03190
03767
02132
03710
01866
02157
04492
03608
02548
04552
01224
02465
04412
05607
02123
03451
04027
04733
00862
03429
04637
00037
05488
01904
01064
03421
01534
04876
03165
04892
04792
03971
00587
05640
02262
05196
04296
03822
04806
00056
05141
00861
01467
00699
05145
05393
00672
05689
00739
05091
03152
00401
01745
00404
04623
01852
05103
00373
02196
01899
01341
03656
03962
00973
03722
04810
05418
01963
01851
00878
05812
02416
01186
03682
04761
02305
02031
04603
05445
00664
02652
03567
05257
01835
02264
03075
05402
01419
01092
03332
04830
01635
03132
00708
04099
03221
04898
02373
02780
04410
04304
02188
01004
00505
04625
00350
05088
00092
02637
04235
04949
01072
01243
03659
04246
04067
04241
01617
01573
04814
00426
02325
03131
01626
02724
01476
01549
02380
05047
01102
05761
00379
03158
02763
02423
01527
03972
05611
00709
04034
02279
03263
03320
05593
00304
00476
05062
03629
05448
02160
05780
03783
04788
02000
05370
01989
04648
02632
03879
01260
04336
02472
05203
04854
05588
00726
00981
04181
00626
01120
03939
05223
02661
01765
05310
02042
05515
04218
03954
02515
04054
02277
01273
03136
03278
01410
02163
00334
03416
02114
00554
01838
03903
03685
04194
03550
04162
04369
03762
05660
01096
01557
03415
05740
02737
02497
02203
05175
02083
01859
02424
00224
03883
03327
05555
00034
01931
00622
02879
01149
05807
00192
01923
03295
03587
00425
05599
00660
00516
00604
00721
01474
02374
01267
01194
03677
04280
04765
04682
02894
01670
04941
03376
05248
00597
04408
05113
02969
02672
03621
00715
03189
00866
05568
01274
02759
02924
00061
04980
00259
04971
03468
03172
03301
00112
04965
04495
05493
00599
05558
00381
02922
02507
02445
03756
01440
04470
02946
04816
05840
04991
01738
05115
02752
02957
03791
00168
02717
02681
01412
03717
05014
00959
05745
04994
03123
02030
02560
05328
01292
04659
00170
01281
03395
01369
01524
01965
01826
05205
02864
02386
03318
03364
03820
00226
00461
02070
05389
02620
01715
02937
01855
00558
01616
02371
02997
02519
01121
03302
03579
03569
00428
01830
01035
01776
04476
02659
04109
00098
01942
05287
02933
04535
04918
02730
03255
01860
00124
05439
01464
01953
01277
04771
04347
03046
04061
03978
00641
00234
00220
04082
00853
04180
00684
04685
01127
03250
05509
00506
02793
05753
01189
01455
02565
03940
01637
00320
00209
00368
04597
01790
02918
00701
04662
05664
04638
03200
01701
00485
02195
00190
04766
03142
00846
02761
04739
02811
02939
03649
04131
01079
00639
05521
02122
05518
00951
01166
04589
02319
04452
05009
01773
02009
00242
04882
01747
04392
05212
05777
01823
04170
00395
02459
02996
02740
01029
00527
02077
02291
04744
02906
04432
01663
00263
05652
03986
03684
05300
01197
02462
05232
05648
01870
00180
04702
03535
05074
05524
04156
01136
02460
00155
02399
04402
02087
04696
03975
01239
03107
04923
01161
04039
03568
03983
04748
04095
04797
01501
04287
04143
03887
04484
04130
04601
00610
03519
05570
05033
03344
05144
00704
04764
04695
03920
01426
05810
02322
01321
03114
03937
05442
05329
01850
05457
00613
04901
05443
01522
03732
02243
03859
00976
03461
02835
00228
00631
03422
03565
04144
02586
04310
02265
02834
02292
00281
04970
02867
02978
04860
03385
01941
04168
02158
02190
04216
04102
03287
00636
04416
03739
01920
05057
02284
05367
04974
01422
04307
04688
01914
00519
01138
04802
03203
04048
03577
02607
00345
02492
02792
05627
00620
03829
04115
03352
02990
01932
04935
00406
03185
00703
00038
05396
04529
00011
01153
02827
05284
00043
02100
03865
02111
02635
04388
05545
03714
05179
03899
00374
00108
01889
05585
05239
02509
05814
00167
00249
03861
04511
03668
04743
00415
01347
04632
04276
02494
00912
04077
05069
01384
03031
04871
03313
04103
00609
03912
02150
05494
02072
05293
02493
00770
01413
03268
03159
03876
01971
05421
02928
05491
02826
04657
01688
02139
00576
04104
00183
01628
01871
04252
01940
05551
01927
04265
05663
02999
04982
03216
03111
02588
02136
04129
04864
00992
05417
02814
03746
02546
00292
04956
02878
04323
05513
02470
02816
01048
00881
02084
01006
04020
03794
01816
00315
01098
03934
03087
02085
03187
01028
04809
04666
00950
02477
05219
04463
05774
00623
03947
01890
01398
01086
03225
00028
05335
01232
02767
05837
05182
00851
03236
05414
05398
02387
01994
04967
02022
03168
04673
00722
00997
04337
00561
04760
04651
03220
03926
04772
00203
02820
03836
04968
02473
02439
04604
00123
04989
00628
01846
03755
01964
02155
01583
04171
00655
03951
02361
04053
03491
02657
01634
02986
00055
05025
04459
03956
05435
01437
00182
03586
00914
05056
04466
02440
03994
00365
00810
02175
01834
04295
01512
01332
03267
04328
03148
01599
05537
00040
02551
04537
00700
00839
01247
03770
01213
04891
00396
03512
03880
05373
03047
00926
05701
03510
01366
00594
02884
00566
05405
05341
05027
02736
00972
04064
05317
01856
01313
01546
05510
05220
04919
03345
03034
03808
02185
01032
02159
04700
00825
03661
00844
00449
04716
05067
02940
03777
03815
04959
05476
05053
05834
05039
05129
05659
00251
03160
03766
04841
00352
05643
03977
01509
01190
03437
00511
00090
03121
00160
03578
04534
05050
00403
02149
03798
00002
03322
00029
00859
01008
05301
02058
02272
03476
00758
05063
02235
01284
04447
05360
01836
02558
04911
04022
02403
04607
03521
00154
05744
01636
04770
05712
04787
02402
04983
05106
03894
02938
03602
03443
04013
03823
00648
05501
04865
05105
01585
02594
05118
00795
03655
04773
01916
01888
03032
00298
04255
01845
05130
05264
03494
04395
00007
01202
02463
01170
02746
04624
04664
01925
03711
05806
02590
00172
04334
05693
04282
04256
01570
00331
03408
00128
01957
02788
03348
01817
02248
02537
02177
03779
02893
01051
02692
04076
02777
00650
03289
04488
00225
00882
03523
02564
03897
04692
05469
00920
02916
02431
00644
01787
00421
02865
02593
02765
00562
01841
00723
05811
01327
03184
05388
00418
00978
03264
01220
04934
02971
02095
00836
02859
01365
03604
03070
03291
04376
02935
05011
05155
00328
02037
03541
00450
04899
05449
00256
00413
05369
04875
05698
01428
04548
03080
04138
03194
00148
04647
05064
04752
02092
02615
05605
04066
00179
00286
01584
03466
03423
05465
02040
05397
01749
02189
03771
03081
02491
01519
00275
02026
03025
01679
01409
00829
04445
03166
04341
02255
01880
01304
02444
02666
05408
01960
02800
02812
05348
04426
04502
01216
03399
00360
01736
04819
04811
03765
02612
00483
02684
03444
04454
00489
01329
00134
05241
05763
00514
04599
01571
04545
03664
01723
01176
02321
02687
02958
02655
00194
03931
00240
05682
02934
02162
04315
04756
01081
02963
02246
02124
03620
05086
04972
01732
01253
03362
00218
04894
00888
05060
01016
05843
03390
05680
05483
03985
04338
00993
01024
00291
05725
02633
05151
02762
02004
03923
01697
03400
00939
00205
01558
05583
04030
01854
04762
02427
03662
04471
03950
05240
01600
02283
04661
03028
04431
01536
05332
02337
05058
05597
05325
00835
02554
05187
05786
04098
00060
00916
04598
03913
01018
02517
02529
00044
04305
02316
00152
00175
02482
01911
05119
00901
01682
03073
00452
01298
04110
04726
02813
03478
00789
02555
03023
02306
05828
00806
03628
02128
01360
02502
00071
03102
01270
01031
01692
04083
01649
01763
00500
02335
03053
03396
01403
00025
01338
05649
00104
02168
05143
03645
00407
03891
01091
01937
01356
04128
04019
04227
00210
00693
02079
00573
01597
03619
01623
04062
01463
02920
03483
02228
04469
02584
01009
04574
01268
03290
05355
03826
02224
01052
02570
04686
02426
02974
01193
03428
00848
05140
05334
01962
04953
03612
02261
04085
00475
01955
01157
05395
02005
05795
04969
05346
02917
00019
03358
01429
00147
00290
00860
05762
00151
02571
02719
03741
03317
03945
02678
04681
03061
03735
01569
00195
04032
02332
00773
01350
00552
01680
01168
04642
05779
03440
04828
05316
00826
01645
02214
01424
04274
01924
05608
02329
04741
01725
02556
02972
05031
04474
05831
03866
05344
02559
02225
02309
00432
03186
04931
01982
02367
02080
05805
03855
05705
04325
05602
01252
02876
02019
05307
04359
03144
03454
02503
05676
05604
00139
00889
02802
04487
05614
04751
02892
02413
02680
00231
05561
02936
04306
03596
00603
01378
00059
03361
00508
01713
05716
01514
04580
00512
03367
02695
00749
04191
05238
02572
00473
02202
00796
01269
05765
00431
00724
01533
04244
04878
00960
00193
01593
01956
03141
00683
01900
05671
04460
03556
03635
00742
03237
05274
00063
00964
01568
04429
05724
03902
05576
04037
01112
02375
03806
05734
05503
01891
05549
00933
04351
05553
00384
04003
01979
03764
05378
00116
03581
03372
01303
05120
02685
00803
01069
04725
04055
00535
01961
03757
04100
03128
05279
02734
04992
02743
02475
02434
01601
01353
00858
02483
02987
01978
03055
00419
02161
04916
00308
02984
02673
00126
05188
01538
02198
02866
03517
02172
02041
04289
00023
03059
05233
04427
04499
02541
03230
01551
05327
03847
01407
01293
05180
04221
05581
05353
02757
04014
00400
05590
00974
01448
05462
00009
01703
02201
02081
03425
02404
05253
02184
00197
05667
02809
00022
00632
05461
01047
01774
03449
04007