04404
02842
00918
03995
04380
05016
04836
03112
01469
03800
05331
01753
00208
02173
03892
00417
01613
00191
01581
04521
02365
04164
01171
04732
04658
01185
00501
05045
05319
03473
05824
04531
01481
00624
01349
05030
05005
05046
01553
04065
03867
00869
02574
00455
04914
02129
05800
02215
04403
02089
05610
04078
00458
04262
04278
03499
05078
00394
03828
04546
04355
02408
00017
04750
00625
04520
03457
03557
03558
02278
03533
02968
05171
03718
00555
05816
03618
02116
03472
00582
02721
02276
05403
05830
05751
00101
01114
04043
05433
02538
05528
02853
03479
02049
03254
03375
01058
00453
02874
01263
01060
05838
01431
02294
01439
00318
05543
00303
01235
03311
01087
02051
03858
03405
04933
04639
03987
03266
05790
00661
04649
01478
02310